$ANSIBLE_VAULT;1.1;AES256
66306334366435386532306166303962366336326637386634653831393639643831643631313533
3937336337333431623465343535303835363038616332320a626632636535663134633633383236
35353135663864303433346332336633643530643630633566616239613333323734663466626332
6163643433303530660a626638343233383932656462363733393564636530346438343339386666
61633432366266303237623435306438313238653934333735663633343330376465663766336661
33633238656166366535626534393964313036633062336465353532393235636366353137306662
39333137356264633731663538373736633136646335396137343630636665366438373539643665
64663833326365633161663638633861653637376561313633616133633939653534646530323631
64373963616262383938306433663031343733646633386534323132646663626331363363643538
31623633393932636262623038343862633466643664623236636561303330366138396134306263
62333537643537316636636361303866663731653732343838663135356631393333316339646638
65393863623131623338653432623030353861323665363761336134616464653332353031303263
30306436363865303238636437616236396438396362333764383535313431656161316537643162
63613962323233623339303736333039613565613138303036653936363564666362323137646361
64643661653537623265666437613535326666656232656163376134643139613961393537616636
66333639643230356234
