$ANSIBLE_VAULT;1.1;AES256
38646663666236643135336134323966643036663837313764616636366133623535363035396330
3735366661373439313034393862313964653035636561350a316162663137346663303561336330
38383639653432353838613836333861623366303536383265323235316364366565346537326461
6166343466666563300a616434303239323534323461366365623839306464666234333239393333
36656230643262356536313737336366383065363535356439663836336361663863333132376665
31343562393536376136343130393463366564653162643765303938346233666437373330353564
31636664396231393832353264313262353530323931353634363031323163313165626232336134
32306565303236653537616139396665316139306632646562636266626561633633343432373961
63633163346634336464363363313061666634356637613034386233386332653937343963656462
30386435646362313837313731373138623532326331323236323835363164656464386363626363
65363734623661303966316233353538343161303538346539346436623939366462393463623235
65633364663634633838383139353966326361323039373334363538316461643039373564663238
63323230343638373061306334353830333939353037646332643835626562373866666438386237
33353131653561386333326133663336663338643063346138636630623038353062333366366464
31343962623335323135303564613137336263356264316638663132346164313465316563663736
37633535333937646439663366616431643432663734376639616139663838643035643834643339
66356332613335313164333134396536323733316235663535646638346132653937623330323433
66613531633164623232663961643534366535303165636334643330376332316462333262313431
66656237333664356465643164633239343733626538323261326361343564333532366231303438
37353632326634663733313165633661336130666136303134356564346431646335306439643263
61363462323330333066346365656531313035636534663431303337666236643133653432366436
61633735333837383939646463386337396333393332306164653530386162653462333438626430
30333734396331616363393431343636343062303530643235316364333935626362323933383039
32363564363139363162363061373337323535643430356264306334663537376461313466663239
66323233663431326239393931613737613438646635613431626339616634333532393431373534
35643765363265343966383036396565336664346437666636303639633034343533663734353963
65323036663366623831663330663738313232313836356233663339306166303264656531366365
32383038633039356134356230383637373532393761336137636561616232306531356139316363
30373362613037313965383338613161376535633036333534623865373133373430616132656261
66343264353331333362363937323734616530396364366530323834393766353230326632643732
383361353466613539636133373839303462
