$ANSIBLE_VAULT;1.1;AES256
64386138393562343964643062623663656363613861636161616365386334306161306536393232
3761343764393732396139343437386537393464636663330a366130643037323535643731353762
37326261646663376331316535353137383065623265313162636533396264386534623466316230
6231363434633238360a663539383938633134623937316363373834386161323064376464643866
61383031663938363539363535313832633636623663323330326664616236323330306134366464
36343961663339346338396463653632323530346663386633303566633661626334353332326535
62656665343039366566643235643561353731313831646466626165346234643330663539613535
38363233643631336164373139356234613739363532626363376237623161306165396437316234
61303130323234326633663439396536386563376438626265353136643439613066623736373563
39333035613033323835623566643966656233646236653937623039366264353162623664626361
33633864383931333337636130323865383763643239343732353937303666643530383834363731
30613135353632326237376239623131616461346535663237346161343962373039383765336238
38396336303464623265343965643232393363353639626439393965663838303361393835353130
35393061343064323662663037623362336230346534346433656235333439396130336263393631
62303032393565663261383235393435316566643236623032343861353733626361383462363563
36343664363435623232366432663739383736306338643763626230653131343562396431636666
3033
